year  blocks   H (H/s)     P (W)        B (J/hash)
2009  32494 4.456e+06  1.5404e+13  3.457e+06
2010  67920 1.514e+10  1.6154e+13  1.067e+03
2011  59627 6.314e+12  1.6531e+13  2.618e+00
2012  54526 1.564e+13  1.6770e+13  1.072e+00
2013  63433 1.466e+15  1.7066e+13  1.164e-02
2014  58865 1.407e+17  1.7253e+13  1.226e-04
2015  54321 4.045e+17  1.7381e+13  4.296e-05
2016  54851 1.519e+18  1.7593e+13  1.158e-05
2017  55928 6.315e+18  1.7981e+13  2.847e-06
2018  54498 3.635e+19  1.8458e+13  5.078e-07
2019  54232 6.634e+19  1.8674e+13  2.815e-07
2020  53222 1.196e+20  1.8023e+13  1.508e-07
2021  52686 1.452e+20  1.8942e+13  1.304e-07
2022  53188 2.195e+20  1.9286e+13  8.788e-08
2023  53999 3.814e+20  1.9649e+13  5.152e-08
2024  53473 6.335e+20  2.0162e+13  3.182e-08
span of B: 14.0 dex; span of H: 14.2 dex   [paper: 14 orders of magnitude]
